[data]
rentZ=13.546875
rentY=-2338.433349
rentX=1561.161254

