[data]
rentZ=13.546836
rentY=-2278.095214
rentX=1420.141357

