[data]
gpsZ=13.554655
gpsY=-2321.961425
gpsX=1549.354370
gpsName=Spawn

