[data]
gpsZ=13.544075
gpsY=-2267.065429
gpsX=1550.403808
gpsName=Auto skola

