[data]
portZ=42.642704
portY=-935.622924
portX=1218.072143
portName=Burg

