[data]
portZ=13.542888
portY=-2318.977050
portX=1552.834106
portName=Spawn

