[data]
portZ=13.546875
portY=-1722.834594
portX=1463.943115
portName=Opstina

