[data]
kioskRotZ=0.000000
kioskRotY=0.000000
kioskRotX=0.000000
kioskZ=13.488985
kioskY=-2312.299072
kioskX=1588.568847

