[data]
kioskRotZ=74.400001
kioskRotY=0.000000
kioskRotX=0.000000
kioskZ=13.546875
kioskY=-2343.594726
kioskX=1511.798461

