[propertydata]
intz=462.761901
inty=1584.584472
intx=-277.487915
extz=13.588998
exty=-2329.234619
extx=1590.582397
price=10000
locked=0
int=0
vw=1
type=1
owner=Emmett
owned=1

