[propertydata]
intz=1049.020019
inty=-1204.250000
intx=2196.850097
extz=42.889541
exty=-959.725952
extx=1183.374511
bizint=0
biztype=0
income=0
price=2000
locked=0
int=6
vw=2
type=2
owner=Niko
owned=0

