[propertydata]
intz=462.761901
inty=1584.584472
intx=-277.487915
extz=13.588999
exty=-2349.488281
extx=1588.619018
price=5
locked=0
int=0
vw=2
type=1
owner=Niko
owned=0

