[propertydata]
intz=1084.430053
inty=1405.469970
intx=-42.590000
extz=2.610720
exty=-1574.411987
extx=-64.669464
bizint=0
biztype=0
income=0
price=5000
locked=0
int=8
vw=3
type=3
owner=Emmett
owned=1

