[propertydata]
intz=1000.585937
inty=-48.924297
intx=774.213989
extz=43.390625
exty=-897.110839
extx=1136.390625
bizint=0
biztype=3
bizname=Gym
income=0
price=10000
locked=0
int=6
vw=4
type=4
owner=Niko
owned=0

