[propertydata]
intz=1049.020019
inty=-1204.250000
intx=2196.850097
extz=42.909606
exty=-960.806457
extx=1178.371704
bizint=0
biztype=0
income=0
price=2000
locked=0
int=6
vw=5
type=2
owner=Niko
owned=0

