[data]
atmRotZ=91.099998
atmRotY=0.000000
atmRotX=0.000000
atmZ=13.108996
atmY=-2337.054443
atmX=1577.754272

